Run semi-empirical minimization
 &qmmm
    qm_theory='AM1', grms_tol=0.0005,
 scfconv=1.d-10, ndiis_attempts=700,   qmcharge=0,
 /
   9    F1       67.8690       49.3560       53.3040 
   7    N1       65.4410       47.6140       51.5400 
   7    N2       66.1340       46.3770       53.2240 
   6    C1       66.2010       48.6050       51.7880 
   6    C2       65.3880       46.5370       52.2110 
   6    C3       67.0050       48.4580       52.8650 
   6    C4       66.9220       47.3070       53.5480 
   7    N3       64.6130       45.5640       51.9350 
   1    H1       65.0830       44.6250       51.9990 
   6    C5       63.3860       45.5090       51.5990 
   7    N4       62.8840       46.0230       50.5520 
   6    C6       61.6480       45.9120       50.3080 
   6    C7       60.7700       45.2690       51.0920 
   6    C8       61.2730       44.7150       52.2060 
   6    C9       62.5860       44.8400       52.4530 
   6   C10       59.3040       45.1770       50.7300 
   7    N5       58.5290       44.6190       51.8320 
   6   C11       58.1260       43.2500       51.5510 
   6   C12       57.3390       42.6580       52.7320 
   7    N6       56.1550       43.4520       53.0310 
   6   C13       56.5540       44.8250       53.3010 
   6   C14       57.3480       45.4170       52.1240 
   6   C15       55.4000       42.8550       54.1290 
   6   C16       56.2670       42.4480       55.3320 
   6   C17       66.1290       49.6860       50.9630 
   6   C18       67.2500       50.3710       50.6180 
   6   C19       67.2630       51.4490       49.8170 
   6   C20       66.0960       51.8740       49.3200 
   9    F2       68.3950       52.0720       49.5260 
   7    N7       65.8500       52.8530       48.5580 
   6   C21       64.9660       51.2260       49.6270 
   6   C22       64.5960       52.8540       48.3650 
   7    N8       64.0790       51.8820       49.0000 
   6   C23       64.0270       53.9450       47.5020 
   6   C24       64.9760       50.1580       50.4350 
   6   C25       62.6360       51.5500       49.0270 
   6   C26       61.9640       51.5660       50.4090 
   6   C27       62.3860       50.2190       48.3000 

