Run semi-empirical minimization
 &qmmm
    qm_theory='AM1', grms_tol=0.0005,
 scfconv=1.d-10, ndiis_attempts=700,   qmcharge=0,
 /
   6    C1      -13.2160       27.4910        7.6800 
   6    C2      -14.2930       26.5800        7.1160 
   7    N1      -15.6090       26.9240        7.6550 
   6    C3      -16.0090       25.9740        8.7000 
   6    C4      -17.3870       26.3350        9.2660 
   7    N2      -17.3940       27.7070        9.7890 
   6    C5      -18.7090       28.0500       10.3250 
   6    C6      -18.6750       28.2340       11.8190 
   6    C7      -19.8310       28.5380       12.5310 
   6    C8      -19.7680       28.7000       13.9120 
   6    C9      -18.5350       28.5510       14.5260 
   7    N3      -18.4870       28.7180       15.9330 
   6   C10      -18.5810       27.8090       16.9980 
   7    N4      -19.3650       26.7320       16.8020 
   6   C11      -19.4320       25.8790       17.8450 
   6   C12      -18.7590       26.0670       19.0340 
   9    F1      -18.8560       25.1920       20.0400 
   6   C13      -17.9870       27.2090       19.1100 
   6   C14      -17.2310       27.5260       20.2960 
   6   C15      -17.9020       27.9530       21.4450 
   6   C16      -17.1980       28.2710       22.6140 
   9    F2      -17.8550       28.6770       23.7080 
   6   C17      -15.7990       28.1520       22.6080 
   7    N5      -14.8860       28.3980       23.6090 
   6   C18      -13.7150       28.1290       23.0760 
   6   C19      -12.4090       28.2380       23.7570 
   7    N6      -13.8270       27.7190       21.7760 
   6   C20      -12.7380       27.3460       20.9010 
   6   C21      -12.0670       26.0490       21.3590 
   6   C22      -11.7110       28.4740       20.7670 
   6   C23      -15.1590       27.7250       21.4480 
   6   C24      -15.8380       27.4020       20.2730 
   7    N7      -17.8750       28.1040       18.1060 
   7    N8      -17.3910       28.2580       13.8680 
   6   C25      -17.4910       28.1060       12.5280 
   6   C26      -16.9930       28.6570        8.7440 
   6   C27      -15.6160       28.2960        8.1790 
   1    H1      -13.2500       27.4620        8.7790 
   1    H2      -12.2290       27.1490        7.3350 
   1    H3      -13.3890       28.5210        7.3350 
   1    H4      -14.3150       26.6840        6.0210 
   1    H5      -14.0590       25.5440        7.4010 
   1    H6      -16.0490       24.9620        8.2710 
   1    H7      -15.2710       26.0150        9.5150 
   1    H8      -18.1380       26.2500        8.4670 
   1    H9      -17.6220       25.6430       10.0880 
   1   H10      -19.0500       28.9860        9.8590 
   1   H11      -19.3960       27.2210       10.0990 
   1   H12      -20.7910       28.6500       12.0050 
   1   H13      -20.6680       28.9390       14.4970 
   1   H14      -18.3610       29.6770       16.2420 
   1   H15      -20.0600       24.9820       17.7410 
   1   H16      -18.9980       28.0410       21.4310 
   1   H17      -12.5610       28.2250       24.8460 
   1   H18      -11.7720       27.3900       23.4660 
   1   H19      -11.9210       29.1800       23.4660 
   1   H20      -13.1710       27.1670       19.9060 
   1   H21      -12.0490       26.0140       22.4580 
   1   H22      -12.6330       25.1880       20.9740 
   1   H23      -11.0370       26.0130       20.9740 
   1   H24      -11.4040       28.8110       21.7680 
   1   H25      -10.8320       28.1060       20.2180 
   1   H26      -12.1600       29.3150       20.2180 
   1   H27      -15.3040       27.0660       19.3720 
   1   H28      -16.5760       27.8660       11.9660 
   1   H29      -17.7340       28.6330        7.9310 
   1   H30      -16.9400       29.6640        9.1840 
   1   H31      -15.3660       28.9940        7.3660 
   1   H32      -14.8740       28.3680        8.9880 

